69892700000000000
70476600000
94208400000
314411000000000
46102200000
93956200000
799440000
9412890000000000
630334000000000
57618000000000
218770000000000000
826709000000
869160000000000
226814000000000
359048000000000000
1466620000
1834540000000
527279000000000
8947070000000000
538713000000000000
968413000000000000
9418050000000
387671000000000
8274700000000000
5877320000000000
6712560000000
333408000000000
9418550000000
722296000000000000
48402200000
18678700000
69978600000000000
78293600000
5188880000000
7366820000000000
5072480000000000
3761910000
121955000000000
3721400000000
438716000000000000
78481500000000000
74675300000
795253000000000
64413500000000000
5197100000
33547200000000
86188800000000000
459946000000000000
349902000000000
43876100000000
22094600000000
98229300000000000
593824000000000000
830997000000
1604550000000
4027900000000
34025100000000
95573500000000000
60208100000000000
5881250000000000
718470000000000
6355020000000
4223430000000
216442000000000000
872353000000000000
4709350000
705478000000000
8493600000000
954410000000
690582000000000
9274020000000000
367669000000000
8447870000000000
798310000
8694630000000
863806000000
90161800000000000
664587000000000
67467800000
9977400000000000
186684000000000000
9825610000000
65680100000000000
42162400000000000
316409000000000
258405000000
4873490000000000
87628500000000000
58576600000000000
609889000000
1805680000000000
5020490000
778183000000000000
1249340000000000
976620000000
828709000000000
228083000000000000
47186400000
2229070000
2193620000000
574660000000000000
87933800000
196351000000
8666170000000000
11583000000000
3027160000000000
510958000000
5090430000000
32444200000000000
15599400000000
969948000000
425990000000000000
95226900000000000
8232630000000000
559345000000000
777103000000000
4976370000000000
9157670000000000
26793900000000000
47232700000
425630000000000
537825000000000
747907000000
47241900000000
1080730000000
8101400000000
389343000000000000
3371260000
7732200000000000
2260710000
6373800000000
58818800000000000
10923600000000000
240686000000000
658648000000000
3189450000000
447229000000
172205000000000
588018000000000000
567565000000000
9237530000000
77182100000
452345000000000
46223400000000
1775940000000
50932000000
4920410000000000
314553000000
812234000000
27267600000000
2367740000
40899000000000000
588619000000000000
57911800000000000
454543000000
592378000000
6142700000000
467934000000000
143127000000
2270850000000000
42498400000000
5580050000000
343319000000000
34727000000000000
28896900000
139793000000000
10844600000000000
9139460000000
66583300000000000
457259000000000
6519010000000
300708000000000
89936300000000000
68604600000000000
23983500000
666723000000
286398000000
379673000000000000
542776000000
51959100000000
114296000000000000
66933400000
149696000000000
1693270000000
874433000000000000
717569000000000
440304000000
163992000000000000
38899200000000000
13859800000
548477000000
3894390000000000
792051000000000
917940000
54843300000
750674000000000000
911043000000000
127191000000
469017000000000
353208000000000000
8709500000000000
23822900000
7837920000000000
892241000000000
266617000000000000
167808000000000000
312959000000
442700000
42164800000
326423000000000
18787900000000000
7490890000000
68953300000000000
3024570000000000
3687890000000
425317000000
451806000000
1522520000
8514750000000
47469200000
23391000000000000
3733790000
154270000000000
60418100000
957861000000000
372670000
334652000000000
6191690000
6856640000000000
845012000000
50916000000
366819000000000
541108000000
2452940000
12667400000000
7566720000000000
6805390000000000
220776000000000
91408800000
948587000000
6998790000000000
185000000000000000000
501422000000
317164000000000
9430820000000
5747860000000
13910800000000000
322450000
34737800000
840266000000000
5869530000000
57927300000
83558500000000000
6276970000000000
902371000000000000
714878000000000000
2911480000000
83931200000
37750500000000
57856800000000
50110000000000000000
12416100000000
517488000000000
547036000000000
301527000000000
16750000000
64530700000000000
340364000000000000
39096300000000
8574950000000
40655100000000000
9680070000000000
2820610000000000
897202000000000
4418030000000000
942840000
42652900000000
52739100000000
973911000000000000
13423400000
618197000000000
1279570000000000
113419000000
1346630000000000
41177400000000000
741620000000000000
615143000000000000
61319000000000000
288221000000
126701000000000000
994215000000
809151000000000000
18424900000000000
28683900000000000
16481100000000000
1720000
7299210000000000
677077000000000
1802660000
1279050000000
655833000000
447139000000
45256300000000000
49104000000000000
4649660000000
736444000000000
841267000000000
962606000000000
724718000000000
17408300000000
5331260000
678079000000
695817000000000000
7570960000000000
77192900000000000
95464900000
55576900000000
825404000000
6675000
138126000000000000
43105900000000000
964778000000000
203883000000000
75179000000000000
965410000
914325000000000
319359000000000000
5367990000000
70764500000000000
897332000000000
930320000000000000
768120000
8764270000000
6409290000000
628162000000
69779900000
7881840000000
5180110000000000
7136290000000000
5757580000000
75748100000000000
2466320000
5875620000000000
105685000000000000
5768240000
3454400000000000
584271000000000
1190250000000000
991301000000000000
24884100000000
901182000000000000
4071470000
24894600000
6556610000000
471412000000000000
530309000000
938612000000000
4512650000
852633000000000000
91250400000000000
805855000000
75904000000
866916000000000
97793100000000000
619122000000000000
62256900000000000
70939700000
489163000000000
5598250000
450840000000
1092960000
125889000000000000
15713600000
508912000000000000
749076000000
892713000000
28786700000
605919000000
2354950000
12452200000000
37096700000000
875140000000000
990620000000
7914970000000000
84689000000
2775300000000
956170000
8979000000000
6034120000000
374779000000000
15912100000000000
2843130000000
2121340000000
268786000000000000
594849000000000
579042000000000000
9791040000000000
576340000000000
484106000000000
46647400000000000
1810410000
305670000000000
888398000000000
607116000000
335624000000
98736600000000000
9185390000000000
3268090000000
545595000000000000
22559200000000000
28233000000
51335600000
4279830000
710785000000
48863800000000000
704695000000000000
543721000000000000
29842900000
259320000000
427303000000000
23249900000
389335000000000
48788800000000000
3567980000000
6901370000000
869722000000000
330205000000000
916653000000
140774000000000
58515700000000000
4292410000000
5342750000
859905000000000
306759000000
3087320000
69943300000
143445000000000
5200440000000
777760000000
212524000000000
70748700000
3287070000000000
76102100000
38475800000
78856200000
37737800000000
769000000000
289572000000
4902940000
51406500000000
6114450000000000
969201000000000000
56142500000000000
855021000000
412678000000000000
49529700000
535269000000000
20419200000000
5975200000
1167880000
84302900000
57151300000000
507207000000000000
36285900000000000
781614000000
10896300000000000
296817000000000000
462268000000000000
760219000000000000
437456000000
395913000000000
826981000000000
73461600000
54684200000
1502230000000000
18730300000
315549000000000
712579000000
4767540000000000
453741000000000000
518601000000000
6271730000000000
5129930000000
11189600000000000
8346060000000000
839440000000000
44212400000
904585000000000
4687940000000
21855000000000
3537520000000
34130400000000
68759200000000000
7532980000000
97674200000000000
94058100000
1630410000
90894400000000000
1521150000000
8981500000000000
543800000000
5255600000000000
421613000000000
12580600000000
806946000000
3038190000000000
4144740000000
5001760000000
1152850000
7912080000000000
11960700000
5958730000
64662700000
831473000000000
7825810000000
81232400000000000
148726000000000000
5146600000000000
4204890000000000
73530400000000000
63806200000000000
53698100000000
372704000000
256102000000
124027000000
5883140000000
49453700000
9375860000000
35777000000
6688870000000
21315000000
3706600000000
4195710000000
549831000000000
58088500000
624419000000000000
16991500000
49807600000
5764450000000000
2143460000000
987048000000
842216000000
6211440000
377989000000000
60267200000
4643530000000
2740060000
631883000000
151431000000
24095100000000000
9327020000000
4686310000000000
12522800000
76702400000
55226300000000
801631000000
2691040000
27462200000000
783405000000000000
4526160000000
76556400000000000
994024000000000
923709000000
51531200000000000
84732100000000000
663147000000000
942535000000
33888900000000000
2109070000000000
3520900000
9603540000000
6644450000000000
879147000000
184909000000000000
1467780000000000
98324100000
310540000000000
639983000000
1117750000000000
232162000000
172870000000
3294190000
485005000000
59353200000
3012260000000
726254000000000
891000000000000000000
9788040000000
5576110000
402017000000
985405000000
6157570000000000
621554000000
30031200000000
455644000000
55842700000
1665940000000000
6879860000000000
52649400000
622347000000
87612600000
934721000000000
578144000000000000
3759090000
4970110000
205851000000
7775890000000000
55690400000
679038000000000000
750334000000000
734857000000000
575486000000000
26116000000000000
60619600000000000
715237000000
439170000000000000
513034000000000000
7220950000000000
4956420000000
784191000000
197899000000000
9566
5967660000
6056850000000000
3273460000000
5097050000000
4445620000
16389700000000000
600671000000000000
125541000000000
278143000000000000
854408000000
7348990000000000
183942000000000
91225200000
603587000000
38175400000
1842680000000000
39004800000000
67454200000
3814190000
2187130000
95441800000
4908220000
19353500000000000
954234000000
87937500000000000
664367000000000
121531000000000000
918606000000000000
621863000000
403478000000
627200
6917050000000
411720000
9163040000000000
15786800000000
51746600000000000
99920800000
2129010000000
57168500000
60183100000000000
985726000000000
20216000000000000
1779640000000
3929580000
306627000000000000
338385000000
49844600000
44998300000000
400492000000
337612000000000000
257549000000000
43347800000000000
1823810000
74334300000
8799400000000
365128000000000000
26319200000
92940200000000000
745007000000000
50730500000000000
139428000000000000
94000700000
544974000000000
367940000000000000
5471220000000000
1835280000
159374000000000000
1596560000
7673590000000000
699693000000
898711000000000000
3511150000000
5091770000000
1680820000000
926431000000000000
714221000000
26372900000000
495723000000000
49284800000000
687451000000000
210886000000000000
16505700000000
88152500000000000
50249200000000
55542900000000000
99605900000
425934000000000
735557000000
180953000000000000
549361000000000
6601960000000
355706000000000000
37251400000
32372300000000000
848955000000
607251000000
586218000000
2731080000000
7109470000000
775037000000
1737120000000
776039000000
52795100000000
608296000000
89959700000000000
914915000000000000
67473300000
87648
155710000000000000
470602000000000000
85574200000
936642000000
890020000000
808180000000
77475200000
44544300000
43497100000000000
70845400000000000
98314900000
92032600000000000
33281700000000000
488818000000
35564500000000000
5442970000000000
164864000000000000
257802000000
724074000000000
2355560000000
550335000000000000
84208400000
703444000000
4342260000000000
7181850000000
9379190000000
36576000000000000
476668000000000
61492600000
620700000000000
13836600000000000
60966600000000000
903200000000000000
1345600000000000
13101000000000000
7350450000000
3973060000000
26425500000
4888590000
247019000000000000
606443000000000000
12279800000000
58727000000
1185280000000000
2567210000000
4130360000000000
6123310000000000
49586800000
727351000000
57168700000000000
2303900000
5927390000
16024500000000
383259000000000
1547560000
430487000000000
7258810000000000
4914110000
808323000000
2191580000000000
428977000000000000
4221940000000
29258600000
41386900000000
132157000000000000
2098900000000
9103920000000
35525600000000
68791900000000000
258734000000
2078920000000
146855000000000000
2155570000
5951860000
1223370000000
876858000000000
5301910000000
16663700000000
293352000000000000
36333100000000000
16026900000000000
3128900000
9428350000000000
24260500000000000
31506000000000
374276000000000000
55254100000000
91441700000
5882900000
40864400000000000
648653000000000
275206000000000
624820000000
4431450000
795411000000000
35187000000000000
32372200000
985348000000000000
895585000000000
52875400000000000
47457400000000
84027400000
1360620000000000
175392000000
773675000000
954598000000000
9409950000000000
625058000000
8066720000000
25673500000
219356000000000
9226560000000
16571600000000
50420400000
24365700000000
12977700000000000
6038520000000000
9146390000000000
69
36567900000000000
59975300000
41360500000
638098000000000000
993357000000000
1532790000
71352800000
2371510000000
561836000000000
921542000000000
366921000000000
6414560000000000
53038200000000
1317050000000000
40542400000
55755700000000
75952300000000000
13745900000000000
40561600000000000
444
860096000000000
75769400000000000
83217100000
6770910000000
46039700000
35532400000000
7160920000000
1043680000
136598000000000
54593300000000000
48168400000000000
7461700000000000
6235260000000
5551290000
56748200000
450584000000000
1
58757900000
456314000000000
424523000000000000
881906000000000
3799460000000
86971700000000000
8997620000000000
34502100000
700689000000000
641363000000
95075900000000000
72117000000000000
116869000000000
357718000000
735589000000000
1837770000
223321000000000000
97719100000000000
921720000000000000
69167900000000000
87318600000000000
1352500000
333267000000000
524168000000000
2613640000000000
290740000000000
329862000000
918888000000000
66775000000000000
72341100000000000
7756790000000
928033000000
1438500000000000
525185000000000000
30657800000000000
412099000000
34531400000000000
20480400000
826782000000000000
747259000000000
655600000
145963000000
6819500000000
41977800000
47494300000000000
517977000000000000
2130000000000000
55844200000000000
959774000000000000
3964630000000
5247380000000
67247400000
2175110000000
30650700000
6515340000000
890230000000000000
986795000000
7838000000000
869879000000000000
70285500000000000
60497900000000000
9983380000000000
73311600000000000
592121000000000
6271170000000000
75731300000000000
882106000000
235785000000
4379420000000000
4855900000
1445250000000000
3873410000000000
6204930000000000
7410410000000
674135000000000
3153580000000000
327493000000
416298000000
21321600000
7069010000000
1764840000000000
450157000000000
65316400000
5241560000000
570790000000000000
788486000000000
42998000000000000
46988800000
760702000000000000
98860600000
99542500000000000
514985000000
34852800000
9412860000000
2598690000000
28082300000
48310900000000000
5263570000000
791922000000000000
927287000000000
8368800000000000
4143620000000000
32508400000000
8761730000000000
78614200000
246736000000
56481700000000000
4180570000000000
44072100000
12322100000
757220000
71817600000
867642000000000000
514743000000
